Fold - 1
[[417   0   2   0   0   1   3   0   1   1]
 [  0 452   2   0   1   0   3   1   1   0]
 [  2   3 439   1   2   0   0   3   3   1]
 [  1   0   5 367   0   6   1   1   4   1]
 [  0   0   0   0 400   0   2   0   0   7]
 [  0   2   1   4   0 381   5   0   1   4]
 [  1   0   0   0   2   5 427   0   1   0]
 [  0   1   2   1   6   0   0 411   3   3]
 [  1   2   1  10   3   4   0   0 377   6]
 [  3   1   1   6   6   2   0   2   4 376]]
Fold - 2
[[396   0   0   0   2   1   3   0   6   0]
 [  0 457   4   2   1   0   1   0   0   1]
 [  4   3 411   1   2   0   1   2   3   2]
 [  0   0   8 434   0   6   1   1   4   3]
 [  0   2   0   0 396   0   1   0   0   7]
 [  4   1   1   1   0 343   4   1   2   1]
 [  1   0   0   0   1   3 397   0   1   0]
 [  1   1  10   1   2   0   0 424   0   5]
 [  2   2   1   2   0   0   2   0 378   4]
 [  3   0   0   2   8   2   1   4   4 414]]
Fold - 3
[[399   0   0   0   0   0   0   0   2   0]
 [  0 487   2   1   0   0   0   0   0   1]
 [  2   0 394   3   4   0   2   4   0   0]
 [  0   0   7 409   0   4   0   4   4   2]
 [  0   1   1   0 392   0   3   2   0   5]
 [  2   0   1   9   0 379   2   2   5   2]
 [  2   1   0   0   0   5 423   0   2   0]
 [  0   3   6   1   1   0   0 410   3   3]
 [  1   0   2   5   3   2   4   1 382   8]
 [  0   1   0   3   2   2   0   6   3 378]]
Fold - 4
[[364   0   0   0   0   2   0   0   2   0]
 [  0 484   2   0   3   1   0   0   1   0]
 [  3   0 379   2   4   0   2   4   4   1]
 [  2   0   7 418   0   7   1   0   5   3]
 [  0   1   1   0 430   1   2   3   1   6]
 [  1   0   0   7   1 350   2   1   3   0]
 [  1   0   1   0   1   2 398   0   0   0]
 [  0   4   4   0   1   0   0 430   1   6]
 [  0   2   0   6   1   2   3   1 395   1]
 [  1   1   1   7   6   2   0   0   4 407]]
Fold - 5
[[437   0   1   0   0   0   2   0   1   1]
 [  0 456   3   1   1   2   0   1   0   0]
 [  0   2 403   2   1   0   4   3   2   0]
 [  1   0   8 432   0  10   0   2   7   1]
 [  0   0   2   0 396   0   4   0   2   7]
 [  0   1   1   5   0 356   5   2   2   3]
 [  3   2   0   0   0   3 390   0   2   0]
 [  1   2   9   0   1   0   0 404   1   5]
 [  1   0   2   8   2   2   4   0 366   6]
 [  1   0   1   5   7   1   1   3   6 391]]
Fold - 6
[[403   0   1   0   2   1   4   2   1   0]
 [  0 437   1   1   0   2   0   3   0   0]
 [  0   1 410   5   2   0   2   5   5   0]
 [  1   2   6 410   2   6   0   8   7   4]
 [  3   0   0   0 377   0   1   1   0  11]
 [  0   0   0   5   0 368   4   0   3   0]
 [  3   0   0   0   0   6 405   0   1   0]
 [  1   0   2   1   4   0   0 439   0   8]
 [  1   2   4   4   4   4   1   0 386   3]
 [  2   1   0   6   8   2   0   3   2 390]]
Fold - 7
[[406   0   1   1   0   0   1   0   0   2]
 [  0 449   4   2   2   1   0   0   0   1]
 [  1   1 403   1   1   0   1   4   1   0]
 [  0   0   4 392   0   4   0   6   4   1]
 [  0   0   1   0 408   0   1   1   0   9]
 [  1   0   1   5   0 365   7   1   0   2]
 [  4   2   0   0   1   4 407   0   2   0]
 [  1   3   5   0   3   0   0 428   0   7]
 [  1   3   3   7   2   1   1   2 386   8]
 [  1   0   0   9   6   1   0   6   3 397]]
Fold - 8
[[408   0   0   0   0   0   0   0   3   0]
 [  0 455   2   1   1   0   0   0   0   0]
 [  1   0 406   5   0   1   3   6   3   0]
 [  0   1   7 412   0   3   1   4   5   2]
 [  1   2   0   0 361   0   0   0   2   7]
 [  2   0   0   3   3 375   1   1   2   1]
 [  3   0   1   0   2   2 387   0   1   0]
 [  0   0   5   0   2   0   0 435   0   6]
 [  1   1   3   7   0   4   1   0 408   8]
 [  0   0   1   5   7   1   1   8   3 406]]
Fold - 9
[[393   0   0   0   0   0   2   0   2   0]
 [  0 486   2   1   1   1   0   0   1   0]
 [  2   0 397   1   4   2   1   1   0   1]
 [  2   1   7 407   0   5   0   3   5   4]
 [  0   1   0   0 356   0   3   1   2  10]
 [  1   0   1   9   2 375   2   0   1   2]
 [  3   2   0   0   1   3 409   0   0   0]
 [  0   2   4   2   0   0   0 450   0   5]
 [  2   2   1   2   2   2   0   1 390   3]
 [  3   2   0   7   5   1   0   4   2 392]]
Fold - 10
[[447   0   1   0   0   1   2   0   4   0]
 [  0 451   0   2   1   1   0   1   2   0]
 [  3   0 375   3   0   1   1   4   5   0]
 [  0   0   2 428   0   5   3   1   5   4]
 [  0   1   0   0 425   0   2   0   2   8]
 [  1   0   1   1   1 339   3   0   5   3]
 [  0   0   0   0   1   2 410   0   0   0]
 [  0   1   4   1   1   1   0 410   1   2]
 [  0   7   2   2   0   0   5   1 377   3]
 [  2   2   2   5   7   1   0   8   4 393]]
