Fold - 1
[[419   0   0   0   0   0   3   0   2   1]
 [  0 452   1   1   1   0   2   1   2   0]
 [  1   2 441   1   2   0   0   4   2   1]
 [  1   0   6 366   0   6   1   1   4   1]
 [  0   0   1   0 399   0   1   0   0   8]
 [  0   2   2   4   0 386   2   0   0   2]
 [  3   0   0   0   3   1 427   0   2   0]
 [  0   0   2   0   2   0   0 414   4   5]
 [  1   0   1   6   2   5   1   0 382   6]
 [  5   2   1   7  11   2   0   2   1 370]]
Fold - 2
[[398   0   0   0   2   1   3   0   4   0]
 [  0 456   3   3   1   0   1   0   1   1]
 [  2   3 416   3   1   0   0   2   1   1]
 [  0   0   5 434   0   9   0   2   3   4]
 [  0   0   0   0 394   0   1   0   0  11]
 [  2   1   0   2   1 343   5   0   4   0]
 [  1   0   0   0   1   3 397   0   1   0]
 [  0   1  10   2   3   0   0 422   0   6]
 [  1   2   3   4   0   1   1   0 374   5]
 [  2   0   2   3   8   1   1   4   2 415]]
Fold - 3
[[399   0   0   0   0   0   0   0   2   0]
 [  0 487   1   1   0   0   1   1   0   0]
 [  1   0 393   3   2   0   3   5   1   1]
 [  0   0   3 412   0   4   2   5   2   2]
 [  0   1   2   0 389   0   3   1   0   8]
 [  3   0   1   6   1 384   2   0   2   3]
 [  3   0   0   0   0   5 423   0   2   0]
 [  0   3   5   1   2   0   0 407   2   7]
 [  1   1   2   4   2   3   0   1 389   5]
 [  1   1   0   1   4   2   0   4   4 378]]
Fold - 4
[[365   0   0   0   0   1   0   0   2   0]
 [  0 484   2   0   2   0   0   1   1   1]
 [  4   0 381   2   5   0   0   3   2   2]
 [  1   0   6 422   0   4   1   0   8   1]
 [  0   2   0   0 434   0   1   3   1   4]
 [  2   0   0   6   1 347   3   0   3   3]
 [  3   0   2   0   1   0 397   0   0   0]
 [  1   4   6   0   1   0   0 429   0   5]
 [  0   2   0   3   2   3   1   0 399   1]
 [  1   1   1   7   5   2   0   0   2 410]]
Fold - 5
[[436   0   2   0   0   1   1   0   2   0]
 [  0 457   4   1   1   0   0   1   0   0]
 [  0   3 402   2   3   0   2   4   1   0]
 [  3   1   7 438   0   3   0   1   7   1]
 [  0   0   0   0 404   0   2   0   1   4]
 [  0   2   0   5   0 360   5   0   1   2]
 [  3   1   0   0   0   3 391   0   2   0]
 [  1   2   8   0   1   0   0 407   0   4]
 [  1   0   2   7   2   1   2   0 371   5]
 [  2   0   1   4   4   0   1   2   6 396]]
Fold - 6
[[404   0   1   0   3   1   3   1   1   0]
 [  0 435   3   0   1   1   0   3   1   0]
 [  0   1 413   8   1   0   0   5   2   0]
 [  1   2   7 412   1   6   1   6   5   5]
 [  3   0   1   0 382   0   1   1   0   5]
 [  0   0   0   5   0 368   4   0   2   1]
 [  1   0   0   0   0   6 407   0   1   0]
 [  1   0   1   1   3   0   0 441   0   8]
 [  1   2   4   1   3   3   1   0 389   5]
 [  2   1   0  10   6   0   0   1   3 391]]
Fold - 7
[[406   0   1   1   0   1   0   0   1   1]
 [  0 451   3   2   1   0   1   1   0   0]
 [  0   1 404   1   1   0   2   2   2   0]
 [  0   0   3 392   0   4   0   7   4   1]
 [  0   0   2   0 403   0   3   0   0  12]
 [  2   0   0   4   0 364   6   2   3   1]
 [  4   2   0   0   0   2 410   0   2   0]
 [  0   3   4   0   0   0   0 431   0   9]
 [  0   2   2   6   3   2   1   2 391   5]
 [  2   0   0   8   7   1   0   5   4 396]]
Fold - 8
[[410   0   0   0   0   0   0   0   1   0]
 [  0 455   2   1   0   0   0   0   0   1]
 [  1   0 410   5   0   0   0   5   4   0]
 [  0   0   8 415   0   1   0   4   4   3]
 [  0   1   0   0 360   0   2   0   2   8]
 [  2   0   0   2   1 379   0   1   1   2]
 [  3   0   1   0   1   3 385   0   3   0]
 [  0   0   5   0   3   0   0 433   1   6]
 [  1   1   2   5   0   6   2   0 410   6]
 [  0   1   1   4   5   2   0   6   2 411]]
Fold - 9
[[393   0   0   0   0   0   2   0   2   0]
 [  0 486   2   2   1   0   0   0   1   0]
 [  2   0 399   1   3   0   1   1   1   1]
 [  1   0   8 408   0   6   0   5   5   1]
 [  0   1   0   0 359   0   2   0   2   9]
 [  1   0   1   7   1 382   1   0   0   0]
 [  3   2   0   0   1   1 411   0   0   0]
 [  1   2   2   1   1   0   0 450   1   5]
 [  1   2   0   2   2   3   2   0 391   2]
 [  3   2   0   6   3   0   0   2   3 397]]
Fold - 10
[[446   0   0   0   0   1   5   0   3   0]
 [  0 453   0   2   0   2   0   0   1   0]
 [  4   0 378   4   0   0   0   1   5   0]
 [  0   0   5 423   1   6   1   1   8   3]
 [  1   1   2   0 422   0   3   0   1   8]
 [  1   0   0   3   0 339   4   0   5   2]
 [  0   0   0   0   3   1 409   0   0   0]
 [  0   0   4   0   1   1   0 411   2   2]
 [  0   6   3   2   1   0   2   1 378   4]
 [  2   2   4   6   7   0   0   7   3 393]]
