Fold - 1
[[421   0   0   0   0   0   3   0   0   1]
 [  1 451   1   1   1   0   2   1   2   0]
 [  1   1 443   1   2   0   0   3   3   0]
 [  1   0   5 364   0   5   1   2   5   3]
 [  1   0   0   0 398   0   2   0   0   8]
 [  1   0   2   5   0 384   2   0   3   1]
 [  1   0   0   0   2   1 430   0   2   0]
 [  0   1   3   1   4   0   0 412   2   4]
 [  2   2   1   6   4   3   0   0 380   6]
 [  5   2   0   6   9   2   1   2   2 372]]
Fold - 2
[[397   0   0   0   2   2   3   0   4   0]
 [  0 457   3   3   1   0   1   0   0   1]
 [  4   3 410   3   1   0   1   3   2   2]
 [  0   0   4 436   0   7   2   2   2   4]
 [  0   1   0   0 397   0   2   0   1   5]
 [  5   2   1   2   0 341   3   0   3   1]
 [  2   0   0   0   1   2 395   0   3   0]
 [  0   1  11   1   2   0   0 422   0   7]
 [  1   2   1   5   0   2   1   0 372   7]
 [  2   0   1   2   9   2   1   4   3 414]]
Fold - 3
[[398   0   0   1   0   0   0   0   2   0]
 [  0 487   2   1   0   0   0   0   0   1]
 [  1   0 396   2   1   0   3   5   0   1]
 [  0   0   4 412   0   4   0   4   4   2]
 [  0   1   0   0 391   0   3   1   0   8]
 [  3   0   0   7   0 382   5   0   2   3]
 [  2   0   0   0   0   5 424   0   2   0]
 [  0   4   5   1   3   0   0 404   1   9]
 [  1   0   2   3   3   4   3   0 385   7]
 [  2   1   0   1   5   2   0   5   3 376]]
Fold - 4
[[365   0   0   0   0   1   0   0   2   0]
 [  0 485   1   0   2   0   0   1   1   1]
 [  4   0 379   0   6   0   0   5   4   1]
 [  1   0   7 421   0   5   0   2   5   2]
 [  0   2   1   0 431   0   1   3   2   5]
 [  3   0   0   5   2 343   2   1   5   4]
 [  3   0   1   0   0   0 398   0   1   0]
 [  1   4   6   0   1   0   0 428   0   6]
 [  0   2   1   4   1   3   0   0 400   0]
 [  0   1   1   8   6   1   0   0   3 409]]
Fold - 5
[[436   0   0   0   0   2   1   0   2   1]
 [  0 459   2   1   1   0   0   1   0   0]
 [  0   3 403   2   2   0   1   3   3   0]
 [  3   0   7 433   0   8   0   1   7   2]
 [  0   0   0   0 403   0   2   0   2   4]
 [  0   2   0   7   0 358   4   1   1   2]
 [  3   1   0   0   0   3 391   0   2   0]
 [  2   2   8   0   2   0   0 405   0   4]
 [  2   0   3   5   2   3   3   0 371   2]
 [  3   0   0   4   3   0   1   3   5 397]]
Fold - 6
[[403   0   1   1   3   0   4   1   1   0]
 [  0 435   3   0   1   1   0   3   1   0]
 [  0   1 416   5   0   1   1   3   3   0]
 [  0   1   8 411   1   5   1   5   9   5]
 [  3   0   0   0 380   0   1   1   0   8]
 [  0   0   0   6   0 369   2   0   1   2]
 [  2   0   0   0   0   5 406   0   2   0]
 [  1   0   1   1   4   0   0 441   0   7]
 [  3   2   4   2   3   3   0   0 386   6]
 [  2   2   0   9   6   0   0   2   2 391]]
Fold - 7
[[409   0   0   0   0   1   1   0   0   0]
 [  0 452   2   2   1   0   1   1   0   0]
 [  0   2 404   0   1   0   2   2   2   0]
 [  1   0   2 392   0   6   0   4   4   2]
 [  0   0   1   0 403   0   2   0   1  13]
 [  2   0   1   4   1 365   6   1   1   1]
 [  4   2   0   0   1   2 409   0   2   0]
 [  0   3   5   0   3   1   0 427   0   8]
 [  0   2   2   2   3   3   3   2 391   6]
 [  2   0   0   8   4   1   0   5   4 399]]
Fold - 8
[[409   0   0   0   0   0   0   0   2   0]
 [  0 454   2   2   0   0   0   0   0   1]
 [  1   0 413   3   1   0   1   2   4   0]
 [  0   0   6 415   1   2   1   4   4   2]
 [  0   1   1   0 364   0   1   0   2   4]
 [  2   0   0   5   2 376   0   0   1   2]
 [  2   0   1   0   1   3 386   0   3   0]
 [  0   0   5   0   2   0   0 434   1   6]
 [  1   1   3   6   0   5   1   0 409   7]
 [  0   1   2   4   4   2   0   7   2 410]]
Fold - 9
[[392   0   0   0   0   0   3   0   2   0]
 [  0 485   2   2   1   0   0   1   1   0]
 [  1   0 397   3   3   1   1   1   1   1]
 [  1   0  10 414   0   2   0   3   3   1]
 [  0   1   0   0 360   0   3   0   2   7]
 [  2   0   1  11   1 376   1   0   0   1]
 [  4   2   0   0   0   1 411   0   0   0]
 [  0   2   1   0   1   0   0 454   1   4]
 [  1   2   0   1   2   4   1   0 391   3]
 [  3   2   0   6   2   2   0   3   3 395]]
Fold - 10
[[447   0   1   0   0   1   3   0   3   0]
 [  0 453   0   1   1   1   0   0   2   0]
 [  4   0 374   3   0   1   1   1   7   1]
 [  0   0   6 425   0   5   1   1   7   3]
 [  1   1   1   0 422   0   3   0   2   8]
 [  1   0   0   5   1 336   3   0   4   4]
 [  0   0   0   0   1   0 412   0   0   0]
 [  0   1   4   0   2   0   0 409   1   4]
 [  0   9   2   1   1   1   2   1 377   3]
 [  2   2   4   5   9   1   0   6   3 392]]
