Fold - 1
[[420   0   1   0   0   0   3   0   0   1]
 [  0 451   3   1   1   0   2   1   1   0]
 [  1   1 441   1   2   0   0   6   2   0]
 [  0   0   6 367   0   5   1   1   5   1]
 [  0   0   1   0 399   0   1   1   0   7]
 [  0   0   1   6   0 385   2   0   2   2]
 [  1   0   1   0   2   1 429   0   2   0]
 [  0   1   2   4   3   0   0 410   2   5]
 [  1   0   1   6   2   4   1   0 385   4]
 [  4   2   0   6   9   2   1   3   3 371]]
Fold - 2
[[398   0   0   0   2   0   4   0   4   0]
 [  0 456   4   3   1   0   1   0   0   1]
 [  2   3 412   3   3   0   1   2   1   2]
 [  0   0   4 436   0   5   2   2   3   5]
 [  0   0   0   0 398   0   1   0   1   6]
 [  4   1   0   1   1 344   4   0   3   0]
 [  1   0   0   0   1   3 397   0   1   0]
 [  1   1  11   0   2   0   0 423   0   6]
 [  1   2   0   2   0   1   1   0 380   4]
 [  2   0   1   4   8   0   1   4   3 415]]
Fold - 3
[[398   0   0   1   0   0   0   0   2   0]
 [  0 488   1   1   0   0   1   0   0   0]
 [  0   0 395   4   2   0   3   4   1   0]
 [  0   0   3 409   0   5   1   6   4   2]
 [  0   1   0   0 389   1   4   1   0   8]
 [  2   0   1   6   1 382   3   0   3   4]
 [  2   0   0   0   0   7 422   0   2   0]
 [  0   3   6   1   2   0   0 407   2   6]
 [  0   2   1   4   2   5   2   0 387   5]
 [  1   2   0   1   4   2   0   7   4 374]]
Fold - 4
[[365   0   0   0   0   1   0   0   2   0]
 [  0 486   1   0   2   0   0   0   1   1]
 [  3   0 379   1   5   0   3   5   2   1]
 [  0   0   6 420   0   5   1   1   9   1]
 [  0   1   1   1 428   0   1   4   1   8]
 [  2   0   1   8   2 344   2   0   4   2]
 [  1   0   1   0   1   1 399   0   0   0]
 [  1   6   5   0   1   0   0 430   0   3]
 [  0   2   1   2   2   4   1   0 398   1]
 [  2   1   1   8   6   1   0   1   0 409]]
Fold - 5
[[437   0   1   0   0   0   1   0   3   0]
 [  0 457   4   1   0   1   0   1   0   0]
 [  0   4 403   2   1   0   2   3   2   0]
 [  2   1   6 436   0   6   0   1   7   2]
 [  0   0   1   0 400   0   3   0   2   5]
 [  0   2   0   7   0 356   4   2   1   3]
 [  2   1   0   0   0   2 393   0   2   0]
 [  1   2   8   0   1   0   0 404   1   6]
 [  1   0   2   4   2   3   3   0 373   3]
 [  2   0   1   4   6   0   2   3   6 392]]
Fold - 6
[[403   0   1   0   3   1   4   1   1   0]
 [  0 435   2   2   0   1   0   2   2   0]
 [  0   0 417   6   2   0   0   3   2   0]
 [  1   2   6 413   1   7   0   6   6   4]
 [  3   0   1   0 381   0   1   2   0   5]
 [  1   0   0   6   0 366   4   0   2   1]
 [  1   0   0   0   0   5 407   0   2   0]
 [  1   0   1   0   4   0   0 443   0   6]
 [  1   2   5   2   3   2   1   0 390   3]
 [  3   0   0   8   8   1   0   2   2 390]]
Fold - 7
[[408   0   0   0   0   1   1   0   1   0]
 [  0 450   3   2   1   1   1   1   0   0]
 [  0   2 403   0   1   0   2   3   2   0]
 [  1   0   1 395   0   3   0   6   4   1]
 [  1   0   1   0 406   0   1   0   0  11]
 [  1   0   0   5   0 366   5   2   2   1]
 [  3   2   0   0   1   3 409   0   2   0]
 [  1   3   5   0   2   0   0 430   0   6]
 [  1   2   2   3   2   1   1   2 395   5]
 [  3   0   0   8   5   1   0   4   2 400]]
Fold - 8
[[409   0   0   0   0   0   0   0   2   0]
 [  0 455   3   0   0   0   0   0   0   1]
 [  1   0 410   5   1   0   0   3   5   0]
 [  0   2   8 411   0   3   1   4   3   3]
 [  0   1   0   0 364   0   1   0   2   5]
 [  1   0   0   3   1 381   0   0   1   1]
 [  3   0   1   0   0   2 387   0   3   0]
 [  0   0   5   0   2   0   0 435   1   5]
 [  1   1   2   6   0   5   1   0 411   6]
 [  1   1   2   6   6   2   0   6   3 405]]
Fold - 9
[[394   0   0   0   0   0   1   0   2   0]
 [  0 486   2   2   1   0   0   0   1   0]
 [  2   0 398   1   2   1   1   1   1   2]
 [  1   0  10 410   0   4   0   4   3   2]
 [  0   1   0   0 359   0   2   0   2   9]
 [  2   0   0   9   1 378   1   0   0   2]
 [  5   2   0   0   1   1 409   0   0   0]
 [  0   2   4   1   0   0   0 451   1   4]
 [  1   2   0   0   2   4   2   0 391   3]
 [  3   2   0   6   2   1   0   4   3 395]]
Fold - 10
[[448   0   0   0   0   1   3   0   3   0]
 [  0 452   0   1   1   2   0   0   2   0]
 [  4   0 377   3   0   0   0   2   6   0]
 [  0   0   4 428   0   4   2   2   7   1]
 [  1   1   1   0 423   0   2   0   2   8]
 [  1   1   0   5   0 335   3   0   5   4]
 [  0   0   0   0   2   0 411   0   0   0]
 [  0   1   4   0   2   1   0 404   3   6]
 [  1   6   2   2   1   1   2   1 378   3]
 [  2   2   4   4   7   1   0   8   4 392]]
