Fold - 1
[[419   0   0   0   0   0   3   0   2   1]
 [  0 450   2   1   1   0   3   1   2   0]
 [  1   2 440   1   2   0   1   5   2   0]
 [  0   0   6 366   0   6   1   1   4   2]
 [  0   0   0   0 401   0   1   0   0   7]
 [  1   1   2   4   0 384   3   0   0   3]
 [  3   0   1   0   3   0 428   0   1   0]
 [  0   1   3   3   4   0   0 409   2   5]
 [  2   2   2   6   3   5   1   0 378   5]
 [  4   1   1   7   7   2   1   2   2 374]]
Fold - 2
[[397   0   0   0   2   1   3   0   5   0]
 [  0 458   3   1   1   0   1   1   0   1]
 [  2   2 410   3   4   1   1   2   2   2]
 [  0   0   6 436   0   6   1   1   3   4]
 [  0   0   0   0 393   0   3   0   0  10]
 [  4   1   1   2   0 342   3   0   4   1]
 [  2   1   0   0   1   3 395   0   1   0]
 [  2   1   9   1   2   0   0 420   0   9]
 [  1   2   0   5   0   0   1   0 376   6]
 [  2   0   1   3   7   0   1   6   3 415]]
Fold - 3
[[398   0   0   1   0   0   0   0   2   0]
 [  0 487   1   1   0   0   1   0   0   1]
 [  1   0 392   4   2   0   3   5   1   1]
 [  0   0   6 411   0   7   0   6   0   0]
 [  0   1   2   0 388   0   3   1   0   9]
 [  4   0   0   8   1 381   2   0   4   2]
 [  3   0   0   0   0   5 424   0   1   0]
 [  0   3   4   1   1   0   0 412   2   4]
 [  2   2   1   5   2   3   3   1 384   5]
 [  2   1   0   1   5   3   0   5   2 376]]
Fold - 4
[[365   0   0   0   0   1   0   0   2   0]
 [  0 484   3   0   1   0   0   1   1   1]
 [  4   0 382   1   4   0   0   4   3   1]
 [  1   0   8 421   0   6   0   0   6   1]
 [  0   2   1   0 433   0   1   4   1   3]
 [  1   0   0   4   1 348   4   1   5   1]
 [  1   0   2   0   1   1 397   0   1   0]
 [  0   4   5   0   1   1   0 431   0   4]
 [  0   2   1   5   1   2   3   0 396   1]
 [  0   1   1   7   6   2   0   2   2 408]]
Fold - 5
[[436   0   1   0   0   2   1   0   2   0]
 [  0 458   3   2   0   0   0   1   0   0]
 [  0   3 403   1   2   0   2   4   2   0]
 [  3   0   7 432   0   7   0   2   8   2]
 [  0   0   0   0 399   0   3   0   2   7]
 [  0   2   0   4   0 361   4   1   1   2]
 [  3   1   0   0   0   2 392   0   2   0]
 [  1   3   9   0   0   0   0 406   0   4]
 [  1   0   2   7   2   3   5   1 367   3]
 [  1   0   1   5   5   1   2   3   6 392]]
Fold - 6
[[403   0   1   0   3   2   4   0   1   0]
 [  0 437   3   0   0   0   0   3   1   0]
 [  1   0 416   3   1   0   1   5   3   0]
 [  1   1   9 407   1   9   0   6   6   6]
 [  3   0   1   0 380   0   1   2   0   6]
 [  1   0   0   6   0 368   2   0   2   1]
 [  1   0   0   0   0   5 407   0   2   0]
 [  1   0   2   0   4   0   0 440   0   8]
 [  1   2   3   1   5   4   2   1 385   5]
 [  2   0   0   8   6   0   0   2   4 392]]
Fold - 7
[[406   0   1   1   0   0   0   0   2   1]
 [  0 449   3   1   3   1   1   1   0   0]
 [  1   2 401   0   1   0   2   3   3   0]
 [  1   0   4 394   0   3   0   4   3   2]
 [  0   0   1   0 407   0   1   2   1   8]
 [  1   0   0   4   0 364   7   1   3   2]
 [  2   2   0   0   1   2 411   0   2   0]
 [  0   3   5   0   0   0   0 430   0   9]
 [  1   2   2   5   3   1   1   2 392   5]
 [  2   0   0   9   5   1   0   5   4 397]]
Fold - 8
[[408   0   0   0   0   0   0   0   3   0]
 [  0 455   2   1   0   0   0   0   0   1]
 [  1   0 409   5   1   1   1   4   3   0]
 [  0   1   9 415   1   1   0   3   3   2]
 [  0   1   0   0 363   1   1   0   2   5]
 [  2   0   0   2   3 378   1   1   0   1]
 [  3   0   1   0   0   2 388   0   2   0]
 [  0   0   6   0   3   0   0 432   1   6]
 [  1   1   3   6   0   5   0   0 409   8]
 [  0   1   0   6   3   2   0   7   1 412]]
Fold - 9
[[392   0   0   0   0   0   3   0   2   0]
 [  0 485   2   2   1   0   0   1   1   0]
 [  1   0 398   1   5   2   1   1   0   0]
 [  1   1   9 411   0   3   0   2   4   3]
 [  0   1   0   0 359   0   3   0   2   8]
 [  0   0   0   8   1 378   2   1   1   2]
 [  3   2   0   0   1   1 411   0   0   0]
 [  0   2   2   1   1   0   0 452   1   4]
 [  0   2   0   0   2   4   1   0 393   3]
 [  3   2   0   5   3   0   0   2   3 398]]
Fold - 10
[[447   0   0   0   0   1   3   0   3   1]
 [  0 452   0   1   1   2   0   0   2   0]
 [  5   0 376   2   0   0   1   1   6   1]
 [  2   1   7 425   1   3   0   2   5   2]
 [  1   1   0   0 425   0   1   0   2   8]
 [  1   0   0   2   1 338   3   0   5   4]
 [  0   0   0   0   3   1 409   0   0   0]
 [  0   0   6   1   1   0   0 407   1   5]
 [  0   8   2   1   2   1   2   1 377   3]
 [  2   2   5   5   6   2   0   6   4 392]]
